65632
66734
62805
34179
76178
84676
90096
75661
72026
17973
24855
32317
81335
11051
2425
6841
30955
53995
25824
79175
87811
82610
84763
55057
73053
53353
70151
34574
14967
12334
15143
3217
31932
23550
38072
49321
47133
86263
54345
99658
30098
67675
93655
1879
95156
83215
70172
46299
25768
16293
96128
95821
37875
38943
97617
94629
256
36059
76479
32257
174
10144
93591
33875
45067
87104
32659
1753
36693
55453
75193
89745
30916
74242
88462
17157
26567
98224
73789
25976
38424
77618
49578
54914
79912
46681
5175
41329
627
76632
46041
24325
3915
80699
43394
60601
59405
31772
50577
84785
80460
55846
75741
30578
86514
16436
98807
14493
98422
43581
94360
15033
51694
70808
56792
67058
84876
91000
75920
74314
84263
5759
30843
5358
17202
59984
75156
6846
39147
45538
94831
14072
25087
57597
11578
40832
89952
59274
51950
31303
61504
55071
1089
92013
6306
9229
17652
67013
2673
95321
2103
56794
29680
10032
51248
75250
82559
6280
55720
48595
13136
80739
91171
5173
96007
37552
23527
43997
29075
58899
85856
1028
2831
25283
90483
55390
98493
17032
11060
13630
51917
70096
89943
13613
85100
56384
57392
80267
55145
25515
84166
78562
94442
89317
69871
88327
64159
21874
19745
39238
2713
3833
10370
33552
18786
20049
41259
66641
68999
32193
15414
34387
66765
19456
75994
16626
92238
74608
66902
20264
1721
34575
44639
46632
69105
78463
82804
9189
78637
96736
40190
33620
50156
37878
51595
87714
12898
62554
92228
94113
94879
21500
41393
65706
8277
63809
74634
77069
36828
91215
42628
48178
75992
60233
48131
49245
64013
9998
38607
77071
1769
48573
5986
48024
95862
7630
57431
61545
19649
50533
33169
73196
47940
9385
73982
84306
84016
29514
28092
35870
90726
5743
43274
11856
42974
97564
89826
85233
83425
96072
80120
65751
55622
38259
88032
47607
74907
33503
22690
38312
28551
73164
90113
20209
31626
83163
31344
43898
82980
87364
25814
52487
61928
71634
56025
45235
82098
49972
82626
10289
98885
95096
93897
39820
85668
94402
49990
37355
96169
31531
48307
33968
43078
71115
68284
63500
13956
13351
5931
46689
45502
61112
72239
54285
47233
99031
42610
7519
98369
50931
1382
11000
7423
81847
44177
63863
4353
11490
68341
92878
32145
58775
24524
22858
84831
25303
52706
55110
11634
54262
77733
11245
18690
8951
82323
41595
98982
52164
2765
66986
11768
1648
1654
19850
88625
23014
18551
49861
93559
47669
42423
62925
68518
21939
58700
11429
12522
99777
45806
4839
69088
34237
80042
1525
4402
51051
31915
69166
38998
34505
88972
14497
2685
40852
65940
42020
41132
50434
91877
8015
89977
22485
42636
45179
46393
52589
9679
94195
89922
72701
17869
38525
5274
51106
31333
97834
40469
82920
13236
68644
49372
48756
13643
67926
81130
20913
63644
55155
15537
93659
62711
11134
23690
60482
79915
26360
83667
62898
31615
55654
26616
19785
24379
98678
65806
84516
86707
27640
15413
23063
16424
4904
55057
15855
13447
18691
71462
86187
96559
27062
23653
48806
80668
77014
99654
17892
93530
59888
65912
60904
97237
57828
70230
33458
53518
14097
8548
92550
40320
11336
62541
47635
40263
84867
73456
22843
38053
77291
84402
22518
7084
34409
38294
74333
9385
27764
20164
12865
49664
83588
59007
22800
85694
56648
12548
57612
99258
25726
30366
92970
51586
17944
85350
84118
7903
28907
43047
55588
66540
33729
54382
48418
20064
6603
22040
73974
98901
32607
31335
67156
51993
72030
9946
85130
52697
85524
2332
90142
73241
44684
42498
90966
13805
70310
72046
40743
31857
52637
99283
14932
34752
98213
25305
50984
41394
85960
88116
89312
90363
39198
95545
42197
87708
72035
50881
70022
62651
27939
40801
30635
37480
39221
16901
644
68738
68415
69644
23840
86657
24337
6819
46743
69157
23523
34798
79287
44010
44054
40757
96386
44059
30491
96693
86643
59206
12446
90687
59734
82021
53308
74309
58267
28974
54011
1089
44037
51400
18657
91728
81562
96624
16783
27255
15288
53088
55296
93260
40210
65578
17323
21489
43723
22977
2177
86027
12116
81961
67192
19536
68286
33576
22599
81666
36881
31257
43393
47001
13208
22612
14302
41692
11169
61440
49325
92083
70431
27361
63027
29467
40875
38169
26045
52754
88713
70205
59878
78169
33323
49581
91943
13757
9711
9308
97044
89213
34929
22694
19948
44259
502
50663
85025
22622
89131
76526
10126
13816
51722
49521
29622
16832
23260
21288
36994
29743
23052
52614
29551
61290
71445
71739
35707
9297
86914
77363
30419
57530
67865
53009
32516
75064
42038
88742
69129
26431
47140
6324
54823
65100
7970
8179
37162
40402
50760
98673
13078
76809
22836
49030
50332
71857
18736
92140
57337
18659
63463
26611
4928
55275
48213
52398
99044
9603
73976
57375
3243
62534
90100
71801
72879
71712
18886
13266
92612
40202
15262
6083
85696
27656
51613
84107
19154
95708
28800
19286
27014
89808
5683
69406
96669
66555
7200
27147
8563
49703
54277
14542
12558
51813
36334
51039
29173
23420
18092
78746
56307
76141
34159
89072
59978
62409
40953
84392
90513
28120
19980
85687
76195
96585
46817
66751
7385
57532
262
91876
18594
36831
32931
18256
11603
35694
16611
33541
88570
15258
69718
72667
20347
90073
32664
24354
52342
61256
40279
76658
98640
80683
53917
99052
46818
5472
85928
55460
32040
34626
61231
50184
39034
23653
15290
51342
71662
73545
65721
53935
57535
66330
47510
73640
93847
35828
88205
66786
52047
90276
57283
97402
4304
4488
89011
94015
12039
5368
86014
62085
71744
15104
22814
52717
23566
9638
96648
8092
49846
6781
61948
85456
9785
99510
85000
64724
64607
17250
10860
3469
19340
81500
29065
63192
52344
79579
13981
4569
63151
76997
25466
30009
77677
35300
63234
35230
52334
56665
38058
57914
11152
33525
76442
75462
18884
79154
74931
76236
2877
17584
79283
7813
62364
71529
84034
75506
7085
36030
38796
6540
35834
15750
98733
21161
7948
48303
74887
6269
61779
9449
98461
55464
27574
79039
60041
43726
42609
67713
39699
40070
61190
26873
52231
74925
48934
60390
86150
91638
9522
43960
49832
18548
52271
18904
4797
15167
4745
73829
69578
55767
64409
43292
27732
58660
68559
84691
27505
40268
21755
33351
46669
42833
32278
38961
47485
77328
86992
15067
75303
43956
98649
70096
83801
87595
46659
