174
256
262
502
627
644
1028
1089
1089
1382
1525
1648
1654
1721
1753
1769
1879
2103
2177
2332
2425
2673
2685
2713
2765
2831
2877
3217
3243
3469
3833
3915
4304
4353
4402
4488
4569
4745
4797
4839
4904
4928
5173
5175
5274
5358
5368
5472
5683
5743
5759
5931
5986
6083
6269
6280
6306
6324
6540
6603
6781
6819
6841
6846
7084
7085
7200
7385
7423
7519
7630
7813
7903
7948
7970
8015
8092
8179
8277
8548
8563
8951
9189
9229
9297
9308
9385
9385
9449
9522
9603
9638
9679
9711
9785
9946
9998
10032
10126
10144
10289
10370
10860
11000
11051
11060
11134
11152
11169
11245
11336
11429
11490
11578
11603
11634
11768
11856
12039
12116
12334
12446
12522
12548
12558
12865
12898
13078
13136
13208
13236
13266
13351
13447
13613
13630
13643
13757
13805
13816
13956
13981
14072
14097
14302
14493
14497
14542
14932
14967
15033
15067
15104
15143
15167
15258
15262
15288
15290
15413
15414
15537
15750
15855
16293
16424
16436
16611
16626
16783
16832
16901
17032
17157
17202
17250
17323
17584
17652
17869
17892
17944
17973
18092
18256
18548
18551
18594
18657
18659
18690
18691
18736
18786
18884
18886
18904
19154
19286
19340
19456
19536
19649
19745
19785
19850
19948
19980
20049
20064
20164
20209
20264
20347
20913
21161
21288
21489
21500
21755
21874
21939
22040
22485
22518
22599
22612
22622
22690
22694
22800
22814
22836
22843
22858
22977
23014
23052
23063
23260
23420
23523
23527
23550
23566
23653
23653
23690
23840
24325
24337
24354
24379
24524
24855
25087
25283
25303
25305
25466
25515
25726
25768
25814
25824
25976
26045
26360
26431
26567
26611
26616
26873
27014
27062
27147
27255
27361
27505
27574
27640
27656
27732
27764
27939
28092
28120
28551
28800
28907
28974
29065
29075
29173
29467
29514
29551
29622
29680
29743
30009
30098
30366
30419
30491
30578
30635
30843
30916
30955
31257
31303
31333
31335
31344
31531
31615
31626
31772
31857
31915
31932
32040
32145
32193
32257
32278
32317
32516
32607
32659
32664
32931
33169
33323
33351
33458
33503
33525
33541
33552
33576
33620
33729
33875
33968
34159
34179
34237
34387
34409
34505
34574
34575
34626
34752
34798
34929
35230
35300
35694
35707
35828
35834
35870
36030
36059
36334
36693
36828
36831
36881
36994
37162
37355
37480
37552
37875
37878
38053
38058
38072
38169
38259
38294
38312
38424
38525
38607
38796
38943
38961
38998
39034
39147
39198
39221
39238
39699
39820
40070
40190
40202
40210
40263
40268
40279
40320
40402
40469
40743
40757
40801
40832
40852
40875
40953
41132
41259
41329
41393
41394
41595
41692
42020
42038
42197
42423
42498
42609
42610
42628
42636
42833
42974
43047
43078
43274
43292
43393
43394
43581
43723
43726
43898
43956
43960
43997
44010
44037
44054
44059
44177
44259
44639
44684
45067
45179
45235
45502
45538
45806
46041
46299
46393
46632
46659
46669
46681
46689
46743
46817
46818
47001
47133
47140
47233
47485
47510
47607
47635
47669
47940
48024
48131
48178
48213
48303
48307
48418
48573
48595
48756
48806
48934
49030
49245
49321
49325
49372
49521
49578
49581
49664
49703
49832
49846
49861
49972
49990
50156
50184
50332
50434
50533
50577
50663
50760
50881
50931
50984
51039
51051
51106
51248
51342
51400
51586
51595
51613
51694
51722
51813
51917
51950
51993
52047
52164
52231
52271
52334
52342
52344
52398
52487
52589
52614
52637
52697
52706
52717
52754
53009
53088
53308
53353
53518
53917
53935
53995
54011
54262
54277
54285
54345
54382
54823
54914
55057
55057
55071
55110
55145
55155
55275
55296
55390
55453
55460
55464
55588
55622
55654
55720
55767
55846
56025
56307
56384
56648
56665
56792
56794
57283
57337
57375
57392
57431
57530
57532
57535
57597
57612
57828
57914
58267
58660
58700
58775
58899
59007
59206
59274
59405
59734
59878
59888
59978
59984
60041
60233
60390
60482
60601
60904
61112
61190
61231
61256
61290
61440
61504
61545
61779
61928
61948
62085
62364
62409
62534
62541
62554
62651
62711
62805
62898
62925
63027
63151
63192
63234
63463
63500
63644
63809
63863
64013
64159
64409
64607
64724
65100
65578
65632
65706
65721
65751
65806
65912
65940
66330
66540
66555
66641
66734
66751
66765
66786
66902
66986
67013
67058
67156
67192
67675
67713
67865
67926
68284
68286
68341
68415
68518
68559
68644
68738
68999
69088
69105
69129
69157
69166
69406
69578
69644
69718
69871
70022
70096
70096
70151
70172
70205
70230
70310
70431
70808
71115
71445
71462
71529
71634
71662
71712
71739
71744
71801
71857
72026
72030
72035
72046
72239
72667
72701
72879
73053
73164
73196
73241
73456
73545
73640
73789
73829
73974
73976
73982
74242
74309
74314
74333
74608
74634
74887
74907
74925
74931
75064
75156
75193
75250
75303
75462
75506
75661
75741
75920
75992
75994
76141
76178
76195
76236
76442
76479
76526
76632
76658
76809
76997
77014
77069
77071
77291
77328
77363
77618
77677
77733
78169
78463
78562
78637
78746
79039
79154
79175
79283
79287
79579
79912
79915
80042
80120
80267
80460
80668
80683
80699
80739
81130
81335
81500
81562
81666
81847
81961
82021
82098
82323
82559
82610
82626
82804
82920
82980
83163
83215
83425
83588
83667
83801
84016
84034
84107
84118
84166
84263
84306
84392
84402
84516
84676
84691
84763
84785
84831
84867
84876
85000
85025
85100
85130
85233
85350
85456
85524
85668
85687
85694
85696
85856
85928
85960
86014
86027
86150
86187
86263
86514
86643
86657
86707
86914
86992
87104
87364
87595
87708
87714
87811
88032
88116
88205
88327
88462
88570
88625
88713
88742
88972
89011
89072
89131
89213
89312
89317
89745
89808
89826
89922
89943
89952
89977
90073
90096
90100
90113
90142
90276
90363
90483
90513
90687
90726
90966
91000
91171
91215
91638
91728
91876
91877
91943
92013
92083
92140
92228
92238
92550
92612
92878
92970
93260
93530
93559
93591
93655
93659
93847
93897
94015
94113
94195
94360
94402
94442
94629
94831
94879
95096
95156
95321
95545
95708
95821
95862
96007
96072
96128
96169
96386
96559
96585
96624
96648
96669
96693
96736
97044
97237
97402
97564
97617
97834
98213
98224
98369
98422
98461
98493
98640
98649
98673
98678
98733
98807
98885
98901
98982
99031
99044
99052
99258
99283
99510
99654
99658
99777
