1
37
47
74
99
129
134
141
157
194
204
207
209
227
233
239
245
255
290
315
318
323
361
387
399
469
489
500
510
531
594
597
615
635
650
750
751
751
753
777
795
809
819
836
847
854
854
885
942
947
949
967
979
989
1001
1017
1043
1043
1071
1075
1079
1132
1152
1169
1173
1261
1263
1308
1348
1353
1364
1366
1376
1395
1417
1473
1541
1564
1599
1613
1618
1629
1642
1644
1679
1694
1761
1781
1782
1786
1794
1832
1840
1841
1861
1870
1872
1878
1886
1906
1919
1929
1939
1949
1964
1966
1972
1980
1992
2006
2033
2083
2090
2113
2153
2159
2160
2189
2215
2216
2281
2300
2304
2343
2433
2434
2451
2458
2484
2529
2539
2554
2559
2560
2566
2571
2606
2680
2680
2699
2746
2752
2785
2790
2812
2818
2900
2912
2957
2982
3027
3037
3056
3065
3096
3111
3113
3116
3133
3146
3180
3211
3221
3272
3286
3306
3327
3355
3357
3361
3365
3441
3491
3543
3544
3556
3563
3576
3594
3603
3609
3614
3648
3648
3658
3666
3724
3762
3778
3807
3860
3869
3882
3926
3966
3970
3996
4006
4012
4026
4031
4035
4078
4098
4114
4120
4122
4122
4155
4180
4230
4264
4293
4310
4323
4334
4336
4342
4388
4388
4410
4410
4414
4472
4494
4543
4547
4575
4593
4601
4606
4619
4626
4636
4686
4704
4737
4742
4742
4783
4790
4814
4923
4933
4950
4971
4981
5021
5031
5082
5133
5149
5180
5246
5254
5261
5274
5278
5297
5308
5342
5352
5357
5358
5375
5402
5405
5423
5436
5442
5454
5459
5482
5499
5505
5573
5584
5585
5590
5682
5683
5751
5791
5812
5847
5877
5878
5879
5880
5901
5911
5920
5957
5958
5979
5993
5998
6072
6077
6119
6120
6121
6174
6179
6182
6208
6219
6237
6262
6265
6267
6294
6391
6393
6420
6454
6484
6493
6505
6519
6580
6583
6588
6618
6647
6669
6669
6710
6751
6789
6805
6818
6834
6873
6893
6941
6954
6967
6986
6995
6999
7044
7049
7050
7069
7069
7078
7121
7129
7211
7213
7227
7269
7274
7277
7293
7297
7348
7355
7357
7368
7431
7448
7461
7485
7488
7524
7524
7545
7587
7589
7592
7596
7687
7695
7711
7749
7764
7765
7771
7772
7859
7898
7934
7961
7962
7964
7964
7968
7983
7987
7992
8020
8027
8042
8042
8078
8097
8115
8145
8151
8153
8156
8156
8161
8183
8190
8215
8216
8252
8273
8276
8301
8303
8311
8337
8349
8356
8362
8374
8389
8389
8405
8453
8507
8551
8560
8560
8588
8616
8638
8641
8685
8685
8719
8719
8736
8746
8770
8780
8788
8800
8839
8879
8884
8894
8912
8923
8933
8951
8953
8955
8958
8967
8975
8979
8989
9009
9042
9043
9060
9064
9085
9087
9232
9273
9316
9326
9353
9390
9401
9401
9431
9446
9469
9497
9508
9514
9517
9562
9588
9607
9628
9683
9694
9721
9747
9749
9765
9795
9811
9831
9841
9860
9862
9877
9878
9879
9931
9956
9957
9967
10013
10013
10058
10067
10100
10103
10108
10190
10215
10225
10226
10280
10300
10302
10351
10358
10376
10407
10416
10452
10457
10492
10555
10607
10653
10658
10662
10668
10708
10711
10764
10773
10773
10774
10795
10813
10832
10866
10876
10902
10908
10912
10934
10975
10981
11003
11013
11036
11039
11049
11067
11087
11099
11100
11121
11155
11171
11174
11178
11184
11212
11220
11227
11228
11253
11282
11282
11295
11296
11297
11351
11359
11360
11436
11516
11554
11563
11621
11632
11638
11679
11700
11701
11737
11770
11790
11798
11853
11872
11892
11906
11909
11921
11964
11979
11984
12026
12056
12103
12115
12125
12168
12189
12194
12205
12219
12277
12286
12316
12343
12347
12355
12376
12393
12396
12409
12413
12455
12472
12482
12498
12505
12510
12517
12520
12533
12589
12589
12596
12620
12628
12629
12638
12670
12760
12761
12763
12858
12871
12966
12969
13011
13092
13098
13144
13152
13153
13161
13171
13207
13208
13228
13231
13240
13245
13256
13260
13275
13287
13296
13301
13301
13309
13361
13362
13392
13428
13463
13483
13501
13505
13532
13567
13637
13637
13639
13651
13667
13722
13786
13802
13802
13895
13974
13998
14006
14015
14046
14047
14052
14061
14081
14083
14092
14099
14104
14124
14125
14191
14193
14223
14229
14230
14250
14280
14285
14308
14325
14339
14350
14353
14367
14390
14440
14461
14478
14480
14494
14506
14533
14555
14557
14605
14703
14715
14720
14725
14725
14742
14753
14771
14812
14847
14868
15011
15032
15049
15081
15107
15130
15171
15175
15178
15186
15201
15226
15233
15238
15259
15261
15305
15353
15380
15423
15443
15460
15468
15486
15535
15553
15574
15582
15595
15606
15634
15654
15668
15698
15739
15768
15792
15827
15865
15897
15899
15926
15975
15987
15988
16002
16011
16035
16048
16123
16136
16177
16192
16195
16305
16305
16332
16334
16352
16353
16385
16386
16386
16432
16444
16446
16451
16468
16501
16513
16542
16551
16586
16606
16626
16633
16639
16645
16647
16651
16700
16704
16705
16711
16712
16724
16725
16747
16749
16818
16819
16837
16842
16854
16890
16910
16938
16976
16991
17009
17065
17126
17155
17212
17229
17233
17233
17254
17297
17299
17302
17342
17351
17355
17360
17372
17381
17393
17396
17413
17418
17447
17515
17518
17521
17556
17571
17598
17614
17621
17641
17662
17707
17726
17748
17775
17835
17844
17861
17880
17889
17900
17944
17955
17988
17991
17993
18006
18012
18013
18029
18031
18060
18135
18177
18192
18227
18324
18375
18406
18443
18451
18463
18471
18507
18518
18529
18549
18590
18602
18635
18668
18671
18673
18695
18696
18735
18766
18779
18792
18816
18823
18842
18866
18870
18878
18887
18903
18944
18991
19007
19047
19049
19053
19098
19128
19139
19143
19194
19217
19230
19239
19253
19258
19300
19302
19327
19340
19362
19392
19458
19480
19495
19504
19505
19512
19532
19593
19605
19655
19680
19680
19716
19732
19775
19796
19839
19860
19874
19894
19898
19927
19930
20003
20018
20027
20055
20086
20115
20133
20137
20152
20171
20176
20236
20251
20271
20272
20289
20296
20309
20316
20324
20346
20373
20394
20405
20428
20447
20454
20489
20513
20544
20565
20595
20648
20690
20691
20697
20727
20756
20766
20773
20782
20818
20822
20836
20844
20852
20892
20899
20932
20936
20954
20958
20964
20982
21009
21019
21027
21077
21083
21096
21108
21111
21127
21153
21188
21248
21261
21323
21323
21324
21353
21358
21403
21403
21409
21424
21431
21432
21487
21542
21544
21577
21587
21630
21665
21671
21671
21691
21709
21742
21743
21753
21767
21771
21772
21819
21827
21841
21851
21887
21945
21954
22007
22009
22027
22062
22074
22079
22097
22119
22209
22279
22283
22291
22319
22325
22338
22359
22412
22418
22450
22469
22478
22500
22511
22541
22569
22583
22585
22593
22598
22603
22611
22630
22663
22674
22717
22726
22730
22744
22751
22767
22804
22821
22831
22841
22862
22876
22882
22899
22907
22932
23073
23082
23100
23117
23125
23155
23161
23249
23266
23296
23301
23302
23305
23340
23343
23346
23351
23369
23388
23390
23406
23415
23448
23460
23481
23538
23575
23576
23585
23589
23603
23634
23661
23665
23684
23702
23714
23744
23749
23795
23802
23820
23860
23887
23889
23890
23896
23897
23903
23949
23960
23964
23993
24009
24015
24060
24080
24081
24116
24151
24157
24157
24157
24167
24180
24185
24186
24233
24283
24294
24302
24314
24330
24342
24360
24371
24383
24398
24427
24431
24439
24452
24452
24453
24462
24472
24500
24503
24510
24541
24551
24560
24584
24590
24623
24645
24661
24671
24673
24691
24724
24727
24735
24752
24847
24867
24882
24894
24895
24914
24917
24941
24967
24978
25001
25018
25072
25102
25116
25125
25144
25154
25237
25259
25259
25262
25275
25289
25290
25324
25329
25346
25360
25374
25376
25384
25417
25418
25420
25443
25459
25463
25531
25548
25570
25581
25592
25594
25628
25639
25651
25688
25717
25724
25750
25752
25754
25811
25858
25870
25895
25906
25912
25943
25948
25968
25978
25983
25986
26010
26028
26036
26076
26082
26099
26126
26146
26179
26184
26187
26193
26224
26239
26256
26273
26294
26299
26301
26303
26422
26489
26493
26537
26568
26569
26614
26627
26687
26706
26756
26785
26823
26827
26862
26878
26899
26900
26906
26906
26908
26952
26958
26965
26965
26999
27001
27007
27007
27012
27034
27038
27043
27076
27107
27109
27119
27158
27186
27207
27210
27258
27259
27261
27337
27339
27387
27387
27394
27410
27415
27436
27510
27523
27525
27532
27539
27543
27545
27552
27565
27566
27567
27570
27581
27584
27615
27616
27628
27649
27675
27681
27688
27692
27717
27725
27734
27747
27750
27761
27770
27792
27792
27802
27807
27810
27823
27851
27888
27934
27970
28002
28005
28024
28068
28098
28099
28100
28104
28125
28127
28141
28225
28276
28303
28309
28317
28369
28384
28406
28487
28493
28514
28518
28540
28545
28565
28655
28657
28672
28687
28716
28732
28742
28757
28768
28785
28798
28799
28831
28833
28857
28864
28865
28878
28889
28902
28922
28930
28935
28942
28990
29022
29031
29043
29105
29127
29144
29165
29167
29186
29195
29220
29242
29244
29304
29353
29367
29397
29451
29454
29490
29493
29505
29575
29602
29614
29622
29632
29649
29673
29678
29707
29797
29806
29834
29874
29876
29879
29904
29970
29992
30009
30018
30036
30072
30074
30079
30087
30098
30098
30106
30134
30166
30183
30197
30215
30225
30232
30232
30270
30290
30296
30310
30313
30323
30377
30377
30399
30442
30443
30444
30452
30455
30465
30489
30500
30538
30541
30588
30626
30639
30681
30697
30709
30720
30729
30771
30773
30833
30848
30867
30921
30932
30968
30988
31017
31021
31032
31034
31041
31070
31072
31102
31102
31119
31123
31124
31193
31198
31234
31291
31308
31321
31348
31377
31390
31394
31403
31407
31454
31459
31466
31467
31478
31483
31489
31518
31553
31563
31564
31565
31569
31622
31623
31644
31650
31659
31693
31704
31712
31729
31731
31740
31767
31784
31786
31804
31807
31820
31827
31868
31879
31892
31903
31960
31980
31986
32012
32033
32035
32037
32072
32113
32124
32148
32156
32159
32168
32214
32214
32239
32255
32265
32277
32295
32322
32376
32399
32422
32485
32588
32608
32617
32663
32665
32718
32771
32801
32807
32808
32817
32827
32827
32830
32831
32866
32921
32935
32977
32978
33005
33062
33088
33125
33142
33143
33149
33162
33192
33197
33197
33215
33240
33276
33278
33280
33300
33304
33338
33351
33386
33404
33412
33413
33432
33472
33482
33488
33518
33535
33550
33578
33579
33587
33587
33599
33607
33609
33675
33690
33748
33755
33769
33828
33860
33911
33946
33956
33962
34036
34078
34099
34102
34112
34114
34123
34131
34154
34162
34175
34201
34209
34222
34230
34250
34292
34297
34388
34396
34439
34488
34489
34517
34533
34535
34557
34568
34570
34582
34591
34621
34625
34644
34647
34653
34655
34736
34738
34761
34764
34767
34780
34800
34800
34817
34855
34859
34878
34880
34881
34975
34990
34992
35003
35020
35081
35107
35115
35123
35124
35157
35176
35192
35234
35266
35276
35281
35299
35308
35330
35333
35363
35391
35442
35447
35460
35482
35493
35533
35544
35561
35580
35622
35634
35637
35649
35664
35671
35674
35681
35707
35722
35794
35822
35827
35829
35839
35843
35845
35871
35891
35894
35912
35926
35935
35957
35957
35984
35995
36058
36065
36069
36073
36079
36098
36120
36144
36183
36190
36196
36231
36267
36279
36306
36307
36309
36333
36335
36398
36413
36431
36455
36497
36510
36512
36564
36565
36591
36599
36628
36653
36661
36662
36665
36684
36716
36721
36731
36752
36773
36777
36784
36804
36806
36814
36874
36910
36924
36963
36979
36981
36985
37011
37033
37044
37054
37077
37145
37149
37168
37215
37219
37231
37235
37237
37241
37245
37258
37262
37269
37272
37287
37291
37328
37335
37384
37388
37401
37411
37443
37447
37465
37509
37511
37534
37534
37539
37550
37562
37587
37596
37599
37599
37608
37713
37717
37737
37757
37764
37852
37934
37949
37958
37977
38004
38013
38044
38060
38103
38120
38150
38156
38160
38161
38162
38163
38164
38197
38243
38272
38312
38320
38347
38363
38375
38386
38390
38401
38426
38430
38431
38440
38455
38460
38472
38484
38494
38517
38535
38539
38545
38557
38570
38583
38589
38591
38608
38635
38648
38670
38677
38703
38729
38748
38774
38813
38835
38847
38856
38862
38891
38893
38902
38904
38914
38928
38941
38943
38948
38965
38970
38975
39016
39049
39055
39083
39096
39112
39130
39158
39175
39209
39222
39238
39250
39288
39297
39308
39326
39342
39380
39389
39424
39432
39437
39457
39471
39474
39478
39514
39540
39544
39549
39556
39570
39606
39622
39641
39653
39658
39664
39686
39693
39707
39709
39719
39724
39731
39755
39755
39758
39764
39784
39810
39821
39833
39869
39896
39904
39912
39997
39997
40003
40033
40034
40055
40097
40113
40143
40149
40178
40265
40273
40291
40354
40385
40397
40415
40418
40435
40464
40468
40469
40471
40496
40499
40503
40504
40510
40600
40608
40618
40623
40652
40675
40694
40705
40727
40731
40737
40743
40778
40779
40786
40831
40834
40852
40891
40906
40921
40940
40941
40952
41023
41034
41034
41035
41078
41160
41177
41186
41190
41230
41242
41255
41264
41285
41309
41324
41341
41356
41356
41359
41362
41387
41419
41439
41442
41465
41481
41531
41535
41541
41542
41555
41642
41655
41668
41698
41701
41704
41752
41757
41788
41843
41893
41923
41955
41967
41978
42024
42038
42038
42092
42116
42128
42194
42247
42247
42303
42341
42359
42372
42390
42397
42398
42398
42428
42429
42443
42452
42484
42504
42518
42520
42534
42551
42554
42560
42609
42618
42627
42643
42690
42709
42717
42732
42735
42785
42796
42824
42842
42861
42870
42878
42878
42917
42951
42976
42984
43053
43056
43064
43081
43087
43089
43110
43121
43155
43178
43190
43196
43238
43239
43241
43277
43286
43313
43315
43325
43335
43387
43419
43436
43462
43466
43476
43499
43530
43532
43557
43577
43591
43601
43634
43646
43665
43677
43688
43711
43727
43764
43765
43782
43815
43836
43844
43862
43863
43905
43944
43969
44001
44004
44010
44012
44020
44040
44085
44115
44132
44138
44154
44194
44255
44263
44290
44312
44336
44360
44373
44392
44403
44417
44418
44421
44436
44436
44456
44484
44491
44540
44582
44583
44585
44590
44597
44605
44701
44717
44721
44722
44724
44730
44731
44740
44757
44769
44776
44810
44836
44862
44914
44939
44947
44967
44982
45008
45012
45013
45053
45056
45075
45136
45146
45172
45181
45182
45308
45416
45436
45442
45466
45466
45470
45476
45530
45534
45537
45580
45586
45596
45605
45630
45635
45637
45657
45689
45693
45713
45755
45784
45814
45839
45840
45854
45869
45888
45895
45914
45936
45960
45962
45965
45967
45985
46006
46010
46013
46029
46038
46047
46049
46086
46093
46096
46098
46157
46194
46201
46214
46236
46265
46280
46300
46307
46319
46357
46400
46408
46410
46457
46476
46499
46501
46540
46564
46575
46587
46622
46628
46633
46650
46653
46673
46689
46695
46705
46818
46839
46888
46915
46956
46963
46971
46980
46997
47069
47118
47146
47149
47158
47159
47213
47227
47237
47256
47300
47375
47438
47468
47475
47520
47529
47567
47574
47613
47616
47631
47634
47650
47687
47699
47758
47780
47780
47834
47875
47900
47952
47976
47984
47994
47999
48012
48030
48033
48059
48084
48101
48125
48159
48169
48192
48193
48206
48240
48245
48256
48260
48266
48277
48285
48294
48300
48323
48335
48335
48352
48370
48384
48406
48448
48452
48452
48483
48557
48558
48560
48577
48579
48592
48604
48610
48615
48641
48681
48683
48698
48765
48808
48812
48833
48856
48870
48898
48916
48937
48967
49010
49029
49044
49049
49073
49116
49124
49168
49170
49172
49224
49233
49252
49281
49282
49291
49321
49400
49409
49439
49483
49492
49496
49496
49497
49530
49582
49585
49598
49621
49641
49650
49652
49657
49688
49700
49707
49722
49757
49797
49846
49857
49867
49868
49869
49900
49934
49999
50009
50055
50063
50068
50111
50133
50139
50198
50222
50232
50257
50274
50310
50313
50348
50348
50357
50463
50476
50521
50524
50569
50575
50575
50580
50583
50611
50615
50617
50660
50673
50687
50758
50766
50779
50787
50798
50804
50820
50864
50892
50896
50906
50908
50955
50967
50979
50986
51016
51024
51043
51055
51086
51091
51112
51122
51124
51126
51135
51139
51182
51185
51188
51192
51214
51229
51231
51254
51260
51291
51291
51377
51394
51395
51428
51471
51479
51486
51492
51496
51505
51541
51579
51589
51601
51605
51611
51628
51630
51640
51658
51694
51695
51699
51709
51735
51740
51804
51810
51849
51892
51897
51900
51902
51907
51931
51944
51997
52022
52024
52025
52030
52059
52083
52090
52093
52095
52099
52114
52115
52210
52234
52239
52362
52385
52415
52431
52438
52467
52510
52533
52546
52568
52606
52608
52710
52722
52736
52737
52751
52798
52810
52866
52900
52945
52957
52968
52971
52999
53047
53056
53057
53064
53078
53103
53118
53130
53151
53214
53222
53268
53284
53289
53294
53321
53357
53364
53387
53394
53424
53448
53458
53472
53473
53480
53484
53496
53499
53548
53555
53569
53625
53657
53676
53726
53729
53735
53741
53750
53757
53806
53811
53843
53890
53926
53973
53982
53995
54008
54066
54079
54082
54094
54118
54139
54155
54164
54171
54196
54247
54303
54303
54310
54334
54382
54405
54410
54421
54441
54463
54480
54490
54491
54534
54555
54557
54563
54591
54598
54631
54632
54633
54661
54713
54738
54764
54773
54799
54817
54830
54849
54866
54885
54903
54981
54990
54993
55022
55035
55058
55067
55086
55094
55109
55132
55185
55239
55244
55260
55279
55284
55289
55294
55314
55315
55330
55344
55356
55383
55402
55407
55410
55423
55463
55481
55482
55490
55504
55564
55608
55647
55660
55668
55711
55728
55753
55755
55786
55832
55839
55852
55856
55879
55891
55906
55910
55913
55918
55921
55971
55990
56006
56008
56025
56083
56106
56133
56200
56208
56211
56236
56251
56259
56290
56330
56357
56375
56394
56404
56431
56457
56485
56489
56492
56503
56593
56629
56636
56643
56650
56660
56676
56690
56704
56766
56790
56803
56861
56868
56876
56909
56909
56986
57015
57023
57038
57048
57054
57085
57091
57112
57161
57185
57197
57203
57204
57211
57232
57306
57360
57397
57410
57433
57435
57454
57466
57518
57542
57566
57577
57588
57590
57609
57610
57611
57643
57677
57689
57710
57715
57722
57725
57760
57764
57776
57780
57866
57875
57915
57916
57925
57934
57945
58003
58009
58025
58056
58063
58074
58082
58090
58093
58117
58164
58171
58197
58213
58219
58235
58240
58240
58247
58254
58257
58288
58301
58354
58370
58371
58400
58437
58439
58441
58454
58473
58485
58512
58531
58536
58579
58616
58617
58618
58626
58648
58674
58674
58702
58704
58708
58712
58727
58745
58801
58854
58866
58877
58917
58933
58957
58961
58973
59029
59047
59051
59069
59111
59113
59114
59122
59131
59148
59171
59174
59269
59277
59285
59307
59389
59397
59424
59427
59436
59441
59449
59482
59510
59550
59553
59566
59588
59591
59593
59599
59696
59721
59724
59754
59769
59801
59804
59829
59836
59863
59932
59970
60026
60055
60060
60073
60107
60143
60155
60177
60180
60219
60234
60269
60305
60311
60320
60324
60344
60355
60366
60388
60394
60419
60424
60455
60473
60492
60515
60517
60518
60539
60542
60603
60604
60607
60611
60620
60625
60638
60649
60658
60668
60736
60767
60775
60820
60886
60921
60952
60980
60980
61008
61040
61066
61079
61096
61104
61151
61199
61202
61203
61222
61230
61237
61241
61253
61305
61309
61338
61343
61349
61362
61403
61418
61441
61451
61454
61467
61474
61489
61491
61535
61546
61579
61592
61600
61642
61655
61669
61723
61734
61735
61774
61779
61811
61834
61850
61869
61870
61889
61899
61908
61912
61929
61932
61962
61967
61986
61988
62002
62020
62024
62044
62046
62051
62055
62056
62061
62085
62087
62103
62115
62121
62146
62176
62178
62247
62267
62269
62302
62311
62356
62359
62362
62372
62420
62441
62466
62479
62492
62499
62510
62576
62622
62636
62649
62665
62679
62680
62688
62721
62752
62768
62769
62797
62833
62847
62875
62909
62937
62942
62967
62972
63023
63026
63035
63043
63046
63051
63054
63070
63074
63122
63173
63178
63202
63239
63255
63261
63324
63340
63376
63381
63402
63407
63515
63525
63534
63544
63624
63630
63669
63677
63701
63716
63778
63779
63787
63791
63792
63873
63896
63903
63933
63995
64001
64009
64031
64045
64064
64096
64106
64113
64133
64139
64173
64185
64215
64225
64242
64249
64263
64272
64280
64291
64317
64351
64351
64356
64372
64396
64397
64437
64441
64449
64481
64483
64496
64505
64546
64556
64586
64608
64609
64627
64633
64660
64664
64666
64690
64742
64777
64781
64847
64878
64886
64887
64894
64900
64946
64947
64959
65013
65015
65041
65046
65144
65147
65171
65213
65235
65356
65362
65364
65378
65399
65406
65413
65417
65421
65496
65516
65538
65540
65545
65555
65561
65591
65597
65605
65614
65631
65727
65731
65749
65769
65774
65808
65815
65840
65854
65931
65942
65947
65964
65986
66021
66047
66049
66077
66087
66116
66118
66138
66181
66192
66202
66219
66225
66234
66237
66334
66338
66370
66376
66427
66452
66455
66459
66484
66499
66509
66523
66552
66557
66562
66613
66621
66630
66643
66682
66702
66708
66763
66810
66894
66894
66897
66897
66970
66974
66980
67009
67030
67038
67076
67099
67101
67107
67117
67152
67152
67155
67221
67225
67251
67275
67278
67296
67314
67332
67343
67353
67358
67395
67396
67420
67450
67510
67515
67515
67561
67621
67630
67664
67702
67712
67744
67754
67755
67789
67795
67835
67883
67884
67887
67905
67910
67923
67940
67953
67969
68023
68038
68039
68083
68088
68112
68117
68119
68128
68135
68147
68157
68234
68237
68255
68285
68305
68307
68332
68396
68420
68443
68444
68455
68479
68493
68507
68525
68527
68538
68544
68597
68606
68618
68629
68650
68660
68702
68711
68716
68727
68733
68787
68803
68860
68865
68884
68912
68933
68958
68974
68989
69018
69021
69025
69037
69058
69068
69076
69078
69088
69105
69112
69133
69165
69165
69182
69192
69249
69297
69342
69389
69389
69413
69422
69452
69507
69519
69553
69585
69592
69663
69664
69672
69689
69708
69711
69720
69727
69803
69821
69837
69865
69925
69927
69934
69949
69962
70006
70008
70130
70162
70164
70208
70240
70244
70252
70259
70292
70361
70371
70387
70395
70402
70426
70471
70513
70524
70528
70529
70545
70547
70578
70584
70633
70674
70675
70676
70680
70692
70699
70713
70775
70781
70803
70815
70862
70874
70896
70936
70947
70957
70961
70967
71012
71079
71106
71128
71131
71137
71178
71249
71268
71272
71423
71501
71511
71542
71548
71573
71578
71599
71625
71645
71654
71683
71683
71783
71786
71800
71844
71865
71873
71892
71907
71918
71953
71954
71959
71975
72028
72042
72113
72117
72124
72127
72143
72159
72214
72218
72225
72231
72238
72300
72301
72320
72337
72349
72356
72413
72437
72445
72451
72455
72458
72476
72515
72516
72608
72655
72664
72667
72669
72687
72708
72727
72741
72760
72788
72793
72798
72825
72844
72855
72864
72874
72886
72890
72936
72953
72959
72978
73001
73012
73026
73071
73083
73143
73151
73169
73169
73172
73219
73227
73252
73254
73268
73277
73303
73345
73354
73363
73363
73365
73383
73405
73427
73431
73445
73449
73463
73469
73471
73479
73509
73518
73604
73622
73651
73674
73701
73732
73740
73753
73754
73755
73768
73797
73817
73838
73841
73870
73909
73914
74027
74046
74049
74093
74113
74128
74156
74156
74182
74212
74215
74220
74224
74228
74232
74250
74261
74266
74273
74295
74298
74314
74323
74349
74365
74395
74437
74448
74495
74505
74512
74539
74564
74566
74567
74572
74580
74582
74590
74590
74601
74605
74607
74620
74661
74691
74728
74736
74745
74786
74817
74851
74851
74854
74858
74915
74927
74930
74948
74970
75013
75078
75094
75131
75155
75174
75184
75224
75235
75236
75255
75263
75287
75334
75342
75370
75373
75430
75440
75466
75513
75514
75520
75521
75523
75545
75558
75562
75582
75585
75592
75599
75600
75617
75620
75648
75716
75720
75747
75759
75767
75770
75810
75820
75840
75900
75902
75922
76046
76114
76137
76147
76174
76222
76224
76228
76274
76407
76448
76459
76474
76475
76479
76483
76486
76503
76540
76543
76549
76573
76705
76736
76762
76764
76771
76773
76788
76794
76799
76802
76832
76882
76885
76902
76934
76982
76989
76994
76997
77006
77019
77048
77051
77059
77081
77105
77108
77109
77120
77139
77153
77183
77243
77245
77279
77348
77355
77382
77397
77433
77445
77452
77507
77518
77530
77534
77545
77559
77565
77585
77589
77591
77592
77618
77620
77627
77628
77645
77649
77667
77679
77683
77697
77717
77743
77743
77746
77750
77751
77768
77781
77837
77846
77849
77875
77876
77913
77914
77941
77944
77961
77965
77994
78005
78015
78031
78039
78140
78152
78172
78192
78199
78214
78236
78273
78290
78441
78448
78500
78551
78552
78558
78560
78621
78645
78705
78705
78709
78724
78771
78792
78794
78799
78819
78869
78888
78916
78938
78939
78955
79005
79129
79157
79188
79188
79198
79201
79207
79215
79227
79270
79287
79289
79303
79365
79381
79398
79403
79403
79463
79464
79468
79532
79534
79550
79557
79587
79634
79644
79670
79690
79705
79710
79732
79741
79758
79774
79782
79795
79859
79862
79899
79902
79910
79944
79955
79955
79957
79966
79977
80013
80051
80069
80101
80107
80209
80246
80291
80296
80310
80328
80385
80391
80405
80419
80440
80455
80494
80510
80554
80609
80630
80638
80659
80664
80676
80730
80743
80765
80766
80783
80787
80791
80801
80805
80862
80888
80915
80932
80952
80989
81024
81051
81053
81074
81113
81139
81143
81151
81187
81204
81208
81250
81276
81347
81348
81385
81389
81395
81395
81396
81451
81464
81465
81468
81492
81508
81543
81591
81592
81595
81599
81655
81659
81683
81691
81747
81755
81788
81821
81824
81832
81841
81868
82001
82007
82032
82045
82049
82082
82110
82151
82220
82243
82273
82293
82295
82319
82372
82381
82386
82387
82387
82397
82435
82454
82466
82472
82486
82492
82509
82590
82605
82612
82645
82652
82660
82674
82676
82691
82691
82702
82806
82869
82878
82891
82893
82918
82922
82926
82954
83043
83061
83113
83118
83141
83163
83165
83191
83251
83300
83314
83348
83354
83404
83416
83419
83435
83438
83479
83497
83533
83538
83606
83675
83677
83749
83755
83764
83771
83835
83864
83878
83887
83902
83906
83918
83927
83952
83961
83984
83988
84001
84005
84016
84064
84090
84093
84094
84099
84100
84142
84162
84204
84208
84223
84229
84250
84260
84280
84311
84335
84341
84352
84418
84490
84504
84524
84526
84611
84612
84632
84653
84666
84719
84720
84750
84754
84834
84839
84895
84915
84942
84970
84985
85000
85006
85025
85034
85056
85169
85211
85260
85269
85270
85283
85303
85305
85315
85316
85322
85395
85419
85422
85432
85449
85464
85467
85469
85476
85476
85483
85534
85565
85598
85610
85630
85664
85671
85701
85726
85749
85845
85861
85895
85921
85927
85980
86024
86026
86034
86046
86083
86111
86150
86153
86156
86192
86195
86227
86238
86251
86264
86290
86310
86310
86316
86356
86358
86359
86364
86365
86373
86377
86403
86413
86443
86498
86499
86530
86555
86560
86573
86595
86609
86652
86670
86707
86749
86766
86789
86794
86801
86806
86811
86812
86832
86835
86847
86849
86858
86892
86895
86896
86903
86936
86958
86963
87014
87021
87031
87040
87049
87066
87146
87256
87304
87331
87413
87434
87446
87483
87484
87533
87570
87588
87620
87637
87652
87659
87678
87710
87734
87743
87758
87773
87800
87824
87828
87844
87874
87895
87896
87974
87988
87992
87994
87999
88027
88056
88062
88079
88117
88142
88150
88156
88175
88179
88186
88216
88218
88232
88261
88262
88268
88279
88287
88319
88326
88332
88345
88352
88360
88396
88397
88415
88434
88453
88490
88503
88509
88512
88551
88583
88585
88587
88588
88603
88608
88608
88608
88647
88652
88652
88660
88662
88719
88726
88741
88791
88800
88853
88870
88878
88901
88905
88916
88938
88961
88971
88979
88980
88982
88994
89001
89014
89030
89052
89077
89134
89161
89172
89208
89216
89225
89233
89249
89272
89290
89309
89322
89322
89332
89340
89359
89375
89408
89439
89462
89473
89481
89515
89553
89568
89587
89605
89618
89623
89658
89676
89694
89720
89726
89731
89768
89769
89773
89817
89818
89865
89885
89933
89944
89956
89957
89979
89988
89991
90027
90056
90075
90107
90167
90218
90246
90287
90320
90332
90362
90424
90430
90494
90509
90509
90538
90548
90552
90560
90590
90611
90641
90655
90677
90688
90704
90714
90714
90756
90773
90799
90823
90830
90843
90859
90867
90870
90916
90923
90930
90960
91005
91027
91060
91078
91106
91122
91131
91188
91199
91211
91220
91227
91235
91273
91275
91279
91285
91292
91292
91293
91321
91347
91413
91416
91418
91459
91473
91491
91498
91500
91509
91513
91518
91520
91544
91561
91569
91571
91584
91590
91607
91615
91633
91635
91645
91688
91724
91725
91757
91759
91789
91793
91816
91830
91836
91856
91866
91890
91912
91951
91955
91957
91976
92004
92038
92044
92064
92071
92073
92092
92104
92105
92112
92113
92141
92162
92162
92163
92207
92220
92220
92242
92304
92309
92315
92328
92335
92337
92390
92445
92470
92473
92565
92607
92615
92620
92622
92628
92634
92669
92670
92674
92699
92700
92704
92712
92741
92763
92767
92774
92777
92784
92785
92787
92801
92828
92831
92862
92943
92959
92959
92970
92971
92991
92991
92994
93005
93093
93101
93102
93109
93118
93154
93155
93214
93267
93331
93334
93382
93401
93417
93453
93467
93482
93490
93491
93495
93503
93509
93539
93546
93557
93572
93575
93578
93605
93616
93622
93627
93640
93674
93683
93695
93704
93759
93782
93817
93829
93852
93863
93935
93946
93966
93972
93975
93985
93992
94000
94000
94023
94027
94034
94085
94115
94125
94133
94147
94150
94171
94175
94191
94191
94197
94238
94318
94321
94336
94340
94378
94409
94435
94454
94499
94519
94531
94536
94542
94572
94577
94594
94597
94612
94622
94633
94643
94691
94705
94748
94771
94789
94832
94847
94852
94855
94866
94890
94891
94934
94942
94961
94963
94978
94988
95027
95028
95031
95053
95109
95122
95124
95144
95157
95170
95202
95223
95231
95342
95388
95417
95426
95430
95468
95539
95569
95612
95640
95654
95688
95706
95724
95730
95746
95751
95766
95770
95847
95859
95863
95863
95889
95924
95932
95935
95950
95952
96002
96086
96089
96112
96160
96173
96177
96195
96210
96213
96254
96258
96262
96275
96331
96341
96357
96372
96392
96421
96421
96455
96519
96522
96528
96536
96564
96605
96615
96615
96623
96671
96694
96716
96717
96732
96746
96752
96825
96840
96861
96881
96890
96939
96940
96999
97004
97061
97062
97094
97102
97197
97209
97210
97211
97231
97278
97315
97335
97389
97459
97459
97481
97490
97498
97529
97553
97554
97564
97572
97596
97602
97644
97660
97666
97666
97685
97709
97727
97727
97756
97767
97770
97770
97776
97792
97796
97829
97874
97901
97915
97929
97980
97991
98004
98075
98079
98109
98127
98151
98156
98164
98177
98184
98205
98238
98242
98245
98248
98251
98251
98254
98261
98300
98348
98386
98396
98407
98420
98422
98491
98498
98533
98597
98616
98642
98655
98673
98689
98702
98720
98726
98769
98789
98790
98814
98820
98864
98881
98896
98967
98976
98995
98995
99005
99029
99030
99033
99108
99116
99122
99163
99204
99205
99219
99234
99273
99299
99312
99313
99317
99325
99336
99367
99371
99392
99401
99405
99542
99569
99583
99602
99615
99666
99677
99751
99755
99771
99779
99837
99838
99882
99922
99923
99924
99970
