4323
73219
16542
83675
31704
85449
51579
43634
245
34102
68884
28833
95569
57866
98420
21742
62942
26028
49400
36564
22593
47146
29242
9694
60366
16818
9683
78916
18766
43764
51658
1781
50864
57677
20296
96522
79381
95053
71548
55330
88662
36333
46689
2680
12396
12628
88150
17614
31407
81832
50310
85305
80743
6954
24967
22821
62359
26184
30018
51740
40921
12343
87974
88878
95932
75922
70896
42560
39457
57542
77530
38460
44939
89161
30588
13309
29904
64946
72124
63630
81139
84016
26146
28514
93817
82001
48610
26862
58854
81024
43190
14052
40149
66237
95770
95724
67030
45056
7765
24330
42359
58745
38813
46300
47375
64887
42390
58003
14506
72708
81655
82869
51997
22907
57722
18842
87570
98248
57085
22611
18507
41356
12277
71079
52568
60305
82674
54830
39758
77746
79977
39833
31960
33404
134
19898
67353
42842
57760
88352
93616
51254
12620
37033
60155
62649
40385
64886
58197
39810
43815
66234
2006
78645
99325
38156
95688
71501
77941
16305
66116
30639
53555
52095
72664
80494
23082
51126
79690
95031
40143
29144
18602
33338
78448
92607
8736
24452
17988
34533
80766
34439
44020
30323
87800
50063
11087
6294
97709
39606
75513
52083
34388
13651
56868
61932
67953
20899
51695
90714
17351
29304
43081
55260
11921
97529
65356
39997
76459
88791
12969
83497
5584
8638
49439
14367
65496
44590
46540
34878
67332
4547
61592
54849
62909
80915
84985
94321
27628
95539
52968
62356
2539
51699
39664
19362
79862
70471
49868
45967
61362
5958
18451
64878
57232
70699
24080
19253
5791
34817
98251
92141
58371
73797
92328
11892
39016
77876
67515
54632
29622
25384
52722
60320
97211
74266
82922
3096
94594
22569
43688
5133
63779
42520
35674
68493
55035
64894
65769
28545
4472
44769
86359
49116
20782
989
89694
36628
35123
53473
54738
55913
44290
55482
47237
6484
8685
39653
65749
48370
98726
38948
60219
30197
204
64263
16432
38440
61008
17726
43196
75820
30232
29707
77875
30232
66763
32588
88345
97767
55284
98422
1263
34990
82926
34175
57433
98814
95889
3882
15606
93495
8923
16353
57204
58240
6710
55109
531
81395
6454
23390
74113
38583
16002
19716
64106
52945
92741
92700
55906
65605
99405
51735
15698
93992
3146
77667
21691
12347
25102
57360
46047
60388
12966
55356
16386
38703
18673
39570
90714
20822
58213
93975
61403
87031
56629
4410
6072
66181
45985
31804
26568
26187
64351
3491
31119
80664
9508
60311
86195
84335
37534
19230
75255
36985
14478
84653
70676
35829
25968
15975
9956
27750
1043
61096
69342
44810
36183
47900
42643
42609
24661
25420
24472
2560
79774
79463
45182
16842
42627
35561
35622
80328
7293
1564
82486
81396
35957
52957
10302
61040
67225
31377
79403
55423
42878
68803
37599
59553
36773
87988
48159
20836
58439
28655
45136
62492
33482
89773
78039
25259
36777
42247
51043
13231
30036
45146
18135
3658
77382
27725
43646
38160
52385
71573
59389
25289
58082
10416
87256
58473
15654
73012
72855
73227
36497
28317
30681
19605
97553
23125
62115
29992
46013
2566
74580
11360
50986
69249
20003
52866
42976
28831
85483
59510
11003
96357
22097
58712
75184
32935
89216
55971
7211
62051
64505
78273
96002
16645
11282
60107
92994
79157
37717
94531
48169
97829
55891
18012
46633
19505
51709
4180
36196
3111
95859
33088
54764
61203
27107
81385
38893
3556
51124
10711
22767
51611
35681
58370
39250
82612
49281
56503
74564
18887
52467
71423
14280
93557
55608
54382
35447
81143
10774
60607
5459
34222
57875
32718
1949
44436
56861
78955
84942
68285
34582
94000
50779
78031
89768
92622
41893
87992
78552
42429
26756
12589
85283
85664
21577
64609
80391
51291
95231
86903
63515
36979
81492
59599
19504
94034
79670
47567
90167
85270
15768
97915
26569
49650
43836
75902
92959
65013
26239
70692
13895
56492
14308
61489
65538
55564
43677
52025
53394
78939
16136
79902
97481
49409
21954
58219
17447
83755
8303
14083
40464
79557
19480
74512
43727
70395
41642
67744
74228
40471
18635
79741
53387
86892
37077
82878
49934
10975
66810
61441
77589
53118
89473
15259
13639
42443
78015
75840
29678
55239
48192
45442
5402
47631
30932
33956
44701
7274
90218
99116
65399
25531
27681
3970
36307
58247
41704
44085
5812
54421
83677
95426
99299
99392
59836
71907
35891
80805
3807
40415
62087
81208
2159
43053
97061
83113
39686
90611
99122
5261
74851
26687
61454
51185
1364
52115
48323
69949
77717
13483
65213
58616
13637
94147
14081
49291
30270
15535
99615
60473
37245
53750
69133
30310
27076
54866
19593
73914
33911
91571
47159
94852
47438
81151
98597
30215
71892
97062
57023
89818
33278
76997
38363
83538
36661
90538
68305
74156
87066
80609
14006
38965
22500
77750
49044
63255
8953
53214
45839
53078
24453
82492
91199
62024
95863
99837
1395
19327
48240
5590
85464
40891
36665
48012
95124
27525
81074
51892
30538
20251
7485
5436
43969
63324
47780
89885
56006
34078
35671
7983
57518
42951
97685
11295
64781
84490
84001
15668
57916
16626
68135
40940
71178
11039
97459
29879
92162
62178
68629
75430
979
74295
47780
7524
74250
92828
99970
10866
93118
42452
65235
68083
50615
79227
92959
53151
3648
38539
37465
87659
52999
46622
20405
75767
31070
64742
98820
45713
92207
83438
33488
97231
36098
44436
98720
45470
54441
23296
70967
98533
88647
95144
26952
4981
94643
55086
22209
46006
59047
56404
4742
92004
72437
10058
11554
49483
58531
50133
5442
4336
38904
79303
4606
87304
54008
5308
66643
65774
30968
94133
68912
74566
9009
4006
1132
43782
92473
47976
88585
92445
45755
64496
41923
59171
24847
25628
53222
71865
30074
11906
68507
77559
77105
74691
33860
42917
17360
42428
72667
78140
12115
54303
88434
53548
20697
83749
92767
45635
25360
40834
76486
3869
75078
70674
46575
8641
67795
43335
29614
64959
69925
94378
52710
41186
69663
19930
66894
12125
78005
8311
96528
31892
40499
30399
61253
22585
78792
51055
59829
21127
52234
76705
65406
80730
74851
62875
3576
59029
73754
20272
77591
24462
64556
22418
21324
77507
23351
4543
20027
92774
45895
98642
41034
46049
90075
61202
6999
34297
22541
39238
51900
90430
24233
24360
20513
33690
24882
4293
27810
68234
19732
57643
40608
85000
14229
13208
28540
7711
37054
8967
1872
69037
65854
94577
91513
78560
94691
84094
37934
60736
80554
30106
27261
33472
63178
91830
23589
75648
5901
64291
27387
69727
80385
18668
12510
8719
71268
48256
20691
94855
97929
60269
71953
89077
77397
69076
41655
63792
68038
93331
33276
88980
84005
94409
40705
45605
81824
2812
35333
57590
55668
65815
84229
27394
58240
78771
48579
39549
24302
39707
53130
28565
54247
19458
4636
35391
58254
40496
46457
85269
91635
51139
53926
50787
69452
80419
51810
54171
73755
76573
89208
63340
74049
56290
2484
91275
58626
18735
62752
22674
38375
29649
86365
72874
67278
94961
12517
49492
83191
31403
67038
95468
80069
13240
83984
39130
66427
82220
46587
93863
75155
52900
91520
38163
25237
77059
97644
11227
45657
48206
11178
81113
79289
46818
72825
23714
46628
96254
61349
21945
21323
84719
967
89172
66613
66376
19128
35827
86358
86403
31123
61912
77743
942
32277
78236
73469
34154
52099
35845
38494
44456
7355
31467
51260
42554
2281
32422
78705
65840
57934
97389
92970
15032
3614
93627
82110
71272
54598
56485
31459
33535
94171
30442
13275
12205
14099
30377
58441
9353
255
9607
33518
854
36065
12194
54082
62937
63903
2189
77245
96840
9877
17418
23949
36073
12316
15380
97666
23661
323
96213
26299
86766
17518
17254
65540
15081
77545
89332
96519
50232
36267
88287
56394
93417
30489
92862
47
76882
5878
36721
24116
42824
90027
58618
58063
5920
15011
85006
17707
41701
90509
92315
27258
78152
3544
81187
59801
29493
27012
43862
9562
13998
98251
64481
8719
37852
48615
55410
75562
34292
4388
39222
39471
22450
71542
37550
54491
55647
91590
12871
42038
91544
45814
99029
19775
88587
48898
2680
13301
40468
54139
1169
88588
40831
38928
45416
4012
4122
35115
32124
25688
70244
46888
11184
16446
65561
48916
45537
64045
87710
34653
8975
33675
55755
33769
99666
37539
77618
2818
10280
30098
93759
38677
52510
40510
65808
9064
57197
64397
88719
14092
67630
30134
68307
24157
86936
79188
15261
53448
85467
28098
24500
41788
28864
78290
45869
58961
80051
3056
15353
36716
51605
29195
28099
47984
36662
69165
70874
36413
17889
64009
11067
47118
54993
99
5998
25144
70259
7964
31454
40418
94499
63896
28005
10100
89623
4686
22598
66980
87021
49722
750
61908
89290
93829
27675
93467
48448
72337
8746
49124
24081
61222
99313
91347
17521
36806
25443
43239
94085
39556
8551
63074
33280
49582
35176
35533
64139
84834
88905
15899
24914
40178
67910
46157
11679
10407
36924
35871
72231
86812
98261
4626
23117
28942
9232
76736
1618
33432
7961
91890
66557
79957
11638
78705
20324
32168
52210
40675
90756
36684
69068
34761
69962
81747
74620
7898
41698
90859
98769
28716
70528
32608
32214
48870
91459
32978
10795
16712
29186
5021
90870
31868
15486
7488
98689
44597
17297
63933
86499
80455
67420
38635
46673
62061
94191
43056
34738
90287
46400
71959
67396
43765
60492
7771
22319
83061
72959
72225
80296
87895
15988
25329
85845
54903
64001
88608
88652
35984
42398
15582
71131
27410
14440
47227
38320
36731
3543
20373
99317
48592
38455
53806
83864
83348
20892
55879
36398
57397
60980
35935
8374
27552
40694
38748
46408
17621
92565
53496
54310
6420
75520
65591
62020
66452
44721
34855
48558
8389
34992
84526
21323
65413
82652
48483
38608
92801
91220
40941
30313
97901
34800
27565
25986
55660
59863
16035
64064
63544
76794
90552
2752
39514
88551
61066
17065
81451
33550
26899
81348
2746
43466
98995
74736
39342
92162
11212
63778
58093
15595
22862
50463
10108
74495
59174
27545
95223
64666
6818
61338
79550
33192
98164
18471
71106
8507
78819
75287
84839
7749
1629
43944
61988
17993
37509
71654
32239
26036
35081
28768
82397
87874
25983
4035
89817
141
54079
24452
63701
34162
92777
69025
97776
96825
91836
7348
7049
88261
88901
77452
38774
72042
39175
35363
1964
93267
91856
58512
60649
91957
46839
56211
91491
37291
26303
66630
19007
61241
77944
8389
79287
84064
61962
42690
37388
20852
74590
87014
38902
26908
48300
4814
85476
69927
58973
1906
73838
74817
60775
47300
80291
74930
84612
2215
19053
51182
96392
53289
64483
96717
34114
92831
44421
31879
46915
21671
33386
67275
17641
86707
93214
2606
30290
73463
11516
74567
1870
51931
9860
6986
16385
2090
80107
23073
28303
72760
22726
23415
42303
53726
31348
37328
96940
11220
30087
87620
91418
79782
37737
86801
95388
28878
24383
11798
81276
66047
95028
57306
55918
35281
56676
57466
10902
91976
72445
11174
86573
73083
65545
3286
12858
47468
90332
854
26076
19239
96536
79955
80246
47999
40354
26706
68733
44138
39641
40852
29834
39432
55383
27570
89587
77051
21353
10225
28309
3037
33828
63054
98386
7044
30773
46971
28384
71783
60143
34099
74220
45534
5423
24009
29632
8405
39055
93972
56660
68989
98127
69592
23155
27823
79532
76137
91816
73431
71786
41387
44914
2433
12670
90916
17381
24867
76762
1761
68128
91793
77649
58437
28742
51492
12589
44417
27747
64690
18695
94612
57609
92105
11909
69389
71645
47994
96112
11253
43665
59114
96195
60980
29874
57185
2033
45181
76483
31650
59721
25906
36144
86083
53057
66192
79859
4230
17835
97666
24157
1679
29105
20489
30072
35107
94622
64627
59754
98004
62967
9060
81755
34881
34644
89515
387
26965
97727
68711
24724
69422
9085
36335
38975
27692
66021
56025
4923
51897
34036
46410
29043
62044
46280
55058
3361
78172
81691
37447
38545
27436
75558
29505
86413
73354
31034
54591
2216
87844
68958
28225
45637
74273
51505
44132
83887
8788
40618
88938
91292
53757
58009
38044
2554
25548
9721
85260
5957
29602
19839
22119
58400
68455
1001
34131
74786
88079
64249
86316
2153
27119
40727
91413
34736
24157
1173
32072
57410
82605
6265
68525
24510
11737
33962
65364
6219
90960
86026
72113
14124
24671
2458
93695
89865
27807
836
96999
42372
67107
52239
48833
60952
82387
95863
73303
97498
96421
84142
59970
1992
66621
47613
90923
73143
50139
84632
67221
47634
49869
77183
48452
48808
62576
42984
94000
25639
75224
28100
86310
70815
58674
23575
16938
79464
56008
16305
53424
7078
90830
11790
15792
28002
32801
60886
41542
29167
74927
52362
23576
56375
12629
68933
26537
30465
91416
23388
48335
61600
86364
99602
68237
26958
52114
89340
25275
16606
20171
74314
13802
87483
22882
52810
18529
15865
57915
64546
8027
10981
76994
48193
97602
41309
73622
44418
82295
36431
25912
7992
73817
83835
20346
63239
32827
48604
15634
79910
8616
56909
31394
66087
40097
16991
72608
5454
89726
62002
43277
87824
90704
66202
75094
97796
80989
28141
36599
42194
80791
7687
90424
83404
17662
43110
15423
40737
49757
8215
30225
79587
93490
18878
67835
66509
48101
62797
48125
74261
38970
43313
6967
99371
22074
20394
43315
16451
2160
55407
13802
54713
84720
4410
7596
5352
69413
59424
61079
51907
58074
13567
12760
97094
3113
71137
99838
67702
25594
51694
75759
11296
1861
15827
96716
39478
25581
70680
43178
22338
5246
41356
99336
9431
54555
45580
18177
30921
47758
91227
88994
81508
4264
13722
50955
22730
88216
71511
3648
39724
88326
33125
14703
90509
3860
69088
49172
49010
63407
23481
3133
5499
67101
40397
95170
29397
71873
6618
60611
24427
86150
50967
54557
2900
12520
53472
64317
91273
46997
70130
57725
96089
8276
25376
79732
85316
84611
12596
93704
16195
99033
60180
61546
90560
81465
51231
67923
91757
93546
94340
28757
57048
48059
91293
70208
51086
1840
91509
49900
14753
17233
11171
98702
69165
1079
318
25417
67251
35580
11013
83878
7592
88262
89309
18792
17155
819
71599
56330
65947
25324
99583
27734
26900
78724
46357
73363
51016
32255
24560
37335
86227
70803
847
52798
49657
86895
31041
77994
56200
64660
50820
59591
50575
71249
98245
68420
49321
42341
21542
70633
2343
60921
94832
84100
1071
45914
19874
77518
94891
61104
18324
78869
82590
87773
5683
19512
6174
68538
38891
4494
82645
95157
38943
65727
31731
65597
25570
949
19532
49170
27259
60455
31198
24941
233
37599
92991
20447
32771
94175
5979
90641
70547
23369
93578
45840
20271
31308
1642
8356
23684
129
37443
6237
98789
92104
85534
38386
24167
17126
39896
8588
56106
11979
11701
73071
16334
41535
18903
95746
29165
16332
99677
6262
27688
43286
32322
19302
60767
62146
753
29454
4933
24294
27210
39731
23100
73383
22325
43419
68660
10658
4120
3355
91235
31102
89225
16747
36120
66077
23820
96615
16192
28990
38013
21248
40731
88971
71683
79944
39049
82466
62311
73026
75620
93155
24584
34568
74601
44585
21851
91285
57780
82891
32265
46010
6834
98995
34655
90867
97770
66974
67664
36069
76885
98673
78558
35894
55022
52533
98498
66225
55728
39709
31740
56803
98407
87896
84204
2912
44360
63035
80101
82293
75523
57112
92674
86156
53294
99367
73445
59566
44001
38670
21409
18463
510
8879
24314
21009
14350
60515
20756
21153
45308
69672
44012
2790
94454
25592
20958
55786
55244
74046
47875
51428
9588
65417
82893
1
74
29806
751
12505
79644
86806
1152
14533
66455
92073
88726
5585
18870
9765
64351
15171
69934
71800
89618
20964
3357
4601
61779
43462
56083
47213
39297
82319
96177
86832
91951
11121
88179
27851
85895
27339
77006
75599
44115
70947
37145
93491
25752
64947
21358
35912
13161
58579
99205
33748
42735
50617
15305
60419
8097
23585
17396
72741
14353
76475
61655
45012
92220
61734
24060
23603
46653
68974
43530
76222
42534
33578
91645
10773
68023
23749
795
88232
75342
79966
14557
31569
73479
22899
42397
34123
83771
96455
86858
61811
31072
40503
55753
38729
12482
50569
18779
88490
76479
91122
20115
35707
5751
28889
23960
38004
44336
37401
27802
18031
5482
51471
89769
71954
9831
61834
73363
23802
89462
5911
89375
1980
65964
30452
87652
8151
7069
54118
28024
88979
70775
95640
99751
31478
53480
16724
98079
66219
57715
15574
36963
82676
95847
67515
86794
33062
61669
87758
62680
21671
7121
32295
81053
92943
17955
27337
6119
76799
74745
66702
92044
88332
61735
91912
31729
6580
45075
31390
46086
8042
4790
3180
92064
93482
65147
26627
86609
67754
15049
4155
40504
55315
45693
97792
89988
62302
97554
78192
5082
8115
12056
14720
42116
28518
40055
22663
87434
66370
28369
36910
8560
99755
56593
94318
38150
96881
67117
45596
93605
58117
27761
55921
32921
19258
88608
27007
91561
46096
77081
89322
20152
76832
15186
40469
54490
54155
63043
75582
62085
72978
5405
4593
57435
9497
68443
77837
85432
43844
93782
58704
28125
96861
78938
24978
58164
7297
31784
62510
95342
38847
87446
63787
50673
2300
75521
38426
7129
77019
89030
77627
2529
69058
157
25754
86310
68650
72458
88583
14104
60234
77153
81599
57203
99108
76764
31693
97210
57091
45466
84970
81683
92309
54799
60424
7934
50524
35493
50476
44836
86847
50055
60355
45960
95430
16725
37272
80787
74365
31807
33351
44862
6941
7448
43905
18006
92704
53357
95417
97596
34780
13171
20936
67940
54094
39997
17571
4122
85610
64441
63677
56986
13505
4078
27043
82045
40743
93622
52090
49999
99163
82691
83043
88982
77913
63122
23343
98151
6519
10300
50580
56489
10876
44605
79198
35926
63534
60539
43499
84260
89991
93503
29367
26010
35192
6208
49233
24186
22062
76228
16976
67155
94789
92390
19143
27649
63026
94238
7968
25374
3666
43591
29022
45965
8156
41230
96173
49857
6179
69865
39112
15987
41341
64437
47952
51135
89439
1886
39209
9841
77849
88853
47149
40906
14605
49168
58708
15468
49530
73471
72127
82472
74215
38589
93852
61491
1353
7764
23249
5254
70961
22469
13153
97980
84750
20289
16819
77961
89233
75600
65171
59482
39544
73674
51377
46499
79201
27616
93509
54990
91500
51188
15443
92242
93539
72028
53047
85726
15739
76549
74582
84915
75373
62665
21431
40779
18866
30079
21753
77585
97770
40273
67152
92971
36190
37977
38856
14847
58288
24917
42247
57689
7964
85598
31124
52030
79188
67561
36512
58917
70361
62121
1075
10662
97756
58090
45962
64608
91292
32663
31321
82435
66894
39474
31903
1417
31563
8894
5274
18816
77846
41757
72727
67296
84093
80783
50908
54303
8780
6647
57925
33143
87484
41465
82372
68527
80932
86958
78621
70578
64215
95654
65015
36874
72844
17009
27615
53982
80888
57764
22478
24541
32665
73518
84352
80013
72788
93572
45476
54817
18671
35957
25001
60073
23340
6182
88186
96694
38557
67009
82509
99924
50274
38517
73169
28068
70524
33587
49652
35460
77620
11351
35722
66499
31565
56876
93966
95766
44982
7859
86024
39719
33215
61451
59307
24151
46038
87588
34859
38535
86896
32148
41035
70006
38648
27001
92071
21432
68088
26614
50892
46476
72455
19680
44312
46214
13532
8042
74395
21827
48033
89322
63402
69078
84090
89052
94150
48294
91789
48641
4114
1613
209
24735
66897
90056
37044
20428
94125
58257
29490
51024
55314
37757
72669
20309
10358
87413
23346
76902
89605
25154
8958
65614
18944
62972
48030
18696
85980
12026
74182
12409
5505
32037
21887
7772
63261
1599
290
16386
8951
91615
67712
47687
50906
62103
22876
30098
49846
91131
77120
86034
8453
81389
81595
36309
25948
63525
60668
3762
82243
59441
46194
88218
17598
55832
84341
50009
20727
69192
79403
1366
44154
35995
77592
76989
87999
85211
19217
94023
81468
11359
62247
76407
91759
4575
13011
64664
35003
20454
37534
59593
83606
96746
6669
60026
9747
27584
23795
27532
88453
44010
47475
73345
75720
83906
40003
20773
6805
54534
91724
90677
15107
68119
44583
42732
88175
94847
78551
14223
61474
80310
45008
49029
68157
70529
55294
63995
57161
42709
32012
30444
47574
41967
28104
80801
9628
2451
48560
10607
54661
82273
57588
36591
23460
93674
68618
23993
13287
34535
58301
94890
50348
61343
16704
5358
13152
30867
63716
82007
67450
77348
25858
15460
10067
58056
54463
7461
8955
62372
40265
43557
7431
15201
89134
64185
47834
74854
21841
74156
96086
99569
40778
32807
83118
46201
74027
30183
10912
62441
4950
10492
61986
24439
76540
85861
27539
35843
74128
31017
98156
35299
85565
22804
8153
5880
89676
57454
3441
194
92634
23538
28935
38484
4704
41955
86251
55910
68112
95027
97572
30988
469
99779
63202
4310
28930
75334
86290
14494
54981
30626
26878
29797
56457
81591
12393
69021
62768
75770
54196
80209
38162
62769
72214
15130
9514
30833
9042
40033
65986
98616
55481
27770
38103
55344
74505
25290
83952
36279
62679
33413
45053
78441
49585
94988
72301
20086
26489
39693
10226
74607
65731
69720
43476
59550
74323
12168
9273
55463
12103
72793
99219
82918
33607
57211
67884
90246
23305
31193
93102
20544
88396
93334
77534
62499
20648
2113
86443
82049
91279
81821
17515
93640
6893
13637
6077
52093
81395
92113
41555
30541
38591
83988
97459
17991
1782
64113
83902
62833
41023
96421
34112
41531
14125
44403
24503
34591
34209
37764
51479
61850
51630
55402
19340
17342
93935
48335
597
1966
3609
5375
33755
44004
41843
74605
19047
99234
60620
92712
17393
25459
95751
49282
10190
64586
11632
98348
94191
88415
69711
55490
17299
34557
53729
22359
95935
86595
1878
45436
54773
64633
77048
56643
98205
12763
82954
20236
49700
35124
79365
79207
75263
98242
227
47069
98896
68716
86789
12376
16639
51486
18549
5993
88652
10832
26906
67755
22831
26179
6391
7269
91106
75900
53103
59111
76771
35234
809
26256
71844
68860
10103
44582
24398
42861
74970
14191
68606
75716
12219
75617
37241
7587
62466
93382
28799
12498
14812
88870
70164
81204
61467
50896
34621
3221
71918
89001
95952
50198
41359
65516
4619
72117
60518
65046
87994
68544
8349
36653
30848
86377
5180
97490
70713
73001
73151
7213
38570
61929
91725
37269
51944
88741
68332
67076
79705
90930
9401
73909
49688
98396
53484
43238
6493
73841
58877
94748
94519
49621
39308
96732
77965
59932
31291
88062
77565
27109
36814
95730
92092
48285
43532
78199
63381
47529
67883
83300
10813
10668
66552
72349
1929
66338
41419
77355
72655
86498
41752
79710
22717
50687
82387
48260
75466
75236
61967
76474
80405
94542
32033
21083
9517
50068
26999
77679
63046
94597
5342
45936
5879
87040
25943
73753
75810
11436
85671
32817
34764
91569
84162
29970
9957
56909
10708
207
81592
48698
34767
89359
43241
56790
82032
66970
38243
30500
4783
63376
73252
21544
96372
23964
67905
20595
40435
86652
50521
65362
77433
11297
96605
17556
87146
22079
85315
79758
33005
38914
13301
21424
86811
57945
44776
6789
59397
57611
44947
64280
24727
51589
98177
35266
50111
26823
6121
98976
88117
8301
33579
20932
23860
34201
16352
11563
32977
64133
72798
67887
33142
35330
97102
14046
16910
23448
34250
21096
39622
56690
37258
74728
10457
96615
17861
44740
68702
31786
58866
84418
31032
72516
64372
27038
79899
76934
35157
35664
7987
90494
61305
96275
65942
35308
39658
69389
73449
19139
51091
37713
22583
21771
62688
92470
61199
39755
56766
27510
42717
50660
19796
239
94115
13098
31712
3027
9390
97727
7589
95202
37215
86749
33240
31553
2434
17302
18518
39437
64272
27566
51601
85476
45630
48856
66118
96890
34230
93005
30729
62420
86963
37168
25125
32376
97991
51394
31564
21108
70957
14555
635
24283
91688
64449
91473
69708
74948
97278
86555
50766
37608
60604
37562
73365
99882
16700
85927
7069
80440
7545
58933
20137
61774
37411
8273
72143
41541
70008
53364
62636
37231
11282
50583
81347
25750
15226
35020
90107
12472
39158
76802
21587
72238
93453
16749
49496
90823
68255
94435
82381
18029
25116
54480
65631
33599
61309
64777
94336
83416
73509
20316
3926
60394
75013
91005
42618
25346
13361
80638
56133
60517
88608
62847
30443
27792
21077
92337
12638
33304
95950
64225
59113
64173
48683
34488
51902
81051
22283
10013
85749
72687
489
49598
29127
36981
34975
5877
19655
13362
96752
93093
89933
37011
89249
72476
19300
62056
50611
72890
15178
52737
20982
3272
73604
3594
61579
27567
57038
41255
97315
885
71975
47256
6267
14193
93101
60625
6669
8979
31820
91078
28127
650
39424
9878
13974
11984
69112
79129
82082
53995
97004
9862
46319
33149
9316
37384
24342
61889
39755
98075
16011
73172
52059
3365
19680
58674
1694
72413
4031
86849
90688
24752
67099
48681
51192
1043
73768
14390
72218
92615
60177
44263
13463
53676
49641
8190
31659
49049
92787
88660
20690
25018
62176
28406
55067
10452
43089
13501
83251
83165
10555
20055
51628
6583
49707
67789
69553
48277
78888
19894
18375
69821
16651
44194
90843
66682
99005
17748
59269
46093
50222
16551
35442
50979
44540
23702
22751
32831
35276
61642
63791
56208
70387
38862
62269
15233
81250
26099
72953
38164
60324
61899
79955
39389
4334
64847
23302
21403
86356
67358
89957
82702
17212
79534
37287
62055
85921
37262
94633
36565
30377
66484
1017
20176
43121
87049
84311
43436
52971
54631
76982
39764
8161
89658
67343
24645
68396
38347
99542
9043
10013
55839
9795
54885
6393
66138
96160
70781
76773
97197
81659
3563
30771
11770
361
33946
2785
26224
99273
79795
64396
73169
75585
1786
72320
5847
72886
7368
88603
39326
92763
26493
315
25262
54066
1261
23896
17844
22279
35794
37219
91321
83354
68865
10215
78214
53321
6995
27186
89408
30720
31622
44757
34625
20565
85303
54410
88027
26082
77751
51804
6588
41324
77914
54563
77243
8078
13428
44724
96331
14285
48812
22744
13144
58536
35637
32214
95706
77645
51395
23897
85395
92220
15926
11621
58648
83961
70862
40786
95109
3966
8933
6120
1972
44731
89481
24185
27581
66334
46980
8800
59769
42128
90362
42870
88961
17880
69689
32035
13667
86238
35649
16647
43711
97660
76788
85469
62362
92620
25463
51229
5278
85322
57776
47650
88319
90655
66562
53625
91060
27970
89731
34800
84280
94934
14230
76114
75174
27792
64096
55504
16513
11700
86046
77628
96939
39540
88142
96564
14047
66708
43064
48452
11872
55990
47158
52751
70252
57054
21743
45013
54405
11036
72300
42551
9749
7357
41978
57015
3327
59122
14480
53569
59804
26294
58727
13786
37958
73405
32617
80510
71128
99204
8839
10653
85169
42484
46098
69664
58485
43325
54633
50348
75235
17900
40952
88512
28798
46564
50313
41481
67152
70545
56251
9811
90320
92670
32866
46501
41442
59277
88056
97209
99771
75592
13256
34396
19927
23889
85419
28857
31466
66459
59051
49224
69585
31980
28922
77445
52438
25651
2699
93985
38312
947
16586
77279
59696
82691
98967
45172
92669
42092
44040
3065
34880
615
42878
3306
31518
84208
65421
17413
71578
17355
60055
45530
93946
13392
55094
78794
22007
25978
77768
5682
88509
27415
84223
42796
49867
7277
34647
23301
90548
83314
79215
44392
98790
30009
44484
51496
45854
12355
11228
48577
7524
86111
91518
48352
84754
1939
48765
97564
44967
18227
30296
46695
94536
79634
49496
11099
57577
61230
98864
94771
48967
4388
43601
22841
56704
11100
60060
70371
38431
38161
74212
89553
74590
93575
66897
94963
68479
19392
41439
32159
29673
38390
594
85056
16123
15175
39904
92163
88156
74858
53735
74539
73740
4971
18060
8912
87743
33587
55711
399
18013
57566
22291
4026
68117
39380
45586
38401
47520
76543
91584
8362
93683
41242
8884
91955
85034
56431
27888
41177
74232
21819
52024
53890
33412
86153
9967
76503
82806
83435
70513
13260
51849
87828
35839
777
74661
66049
12286
32827
55185
84666
56259
22027
41190
59724
1644
7050
69182
5149
34517
77743
30697
62267
61869
46029
59588
33197
23744
16633
45888
92335
3211
20954
26422
41362
9879
76174
31623
82660
92699
14250
50804
32485
35634
39869
84099
96210
80952
62479
95612
23406
5573
16444
9931
8685
32156
94942
74349
14725
42398
1919
60820
33609
80659
77781
37235
17233
23266
8156
63873
13296
81868
36079
21709
76147
92991
39912
52022
12455
67969
51112
50575
30455
63070
27934
83163
1376
63624
28493
64031
14015
61723
60638
18590
84504
74572
24623
74093
65555
66523
1541
24371
82151
2559
25870
8560
17229
3724
14461
21665
2304
88360
21019
73254
19098
37596
94978
24180
4342
23887
63023
58171
48557
40291
86264
55132
25717
29876
96341
47616
11853
89956
46307
46236
18443
38472
58025
21630
57710
83533
71683
53056
7695
85630
98254
31986
68444
88800
22630
10764
58702
1348
70584
49797
10934
12413
90773
10376
58801
24895
24691
43577
16854
17372
81543
28687
52415
16048
38197
26193
79005
63173
16468
92784
6751
21188
37587
43863
65378
59449
43087
30709
30166
56636
40652
44255
51640
39096
83479
99923
35482
35544
27543
37149
88503
46705
26785
34489
74437
86373
35822
40600
99312
31489
18192
55852
57610
91607
9326
28732
49073
98109
63051
3996
43387
6505
33197
29031
16501
69803
29451
41285
751
86530
67621
89014
1832
4414
23161
62721
61151
9087
56357
98491
98184
3778
21487
10773
42504
28672
89568
96262
22009
1794
59148
91866
41034
70240
75440
78799
48384
55289
53064
76448
96258
94027
51122
9401
87331
10908
53657
21111
83419
11964
39784
80630
62622
76224
94572
20844
92038
23634
15553
73870
69105
27207
20018
73427
44730
67314
27158
22511
31234
44717
5031
36804
89944
45784
14061
58957
37237
72515
8989
92785
77109
41668
75514
40034
36455
69837
51291
59285
68147
72159
42024
73268
40623
16711
46265
91188
14868
67510
87533
88268
69018
32830
99922
86835
36510
47699
49497
41264
48245
68787
96623
21767
7962
79270
80765
21403
69519
38272
81788
25811
44373
53499
14325
68727
31102
61418
26827
14725
43155
95122
39821
72936
26126
87678
37511
74448
86192
77697
48266
33162
41160
25895
68597
52546
25072
53811
83764
12189
72356
13092
8252
27387
94197
2571
86670
75747
51214
79468
44491
38120
25724
15897
21772
68039
24590
32113
8020
67395
26301
25418
32808
69297
50357
37
98300
48937
2083
58454
27523
44722
53843
19194
45466
46650
60603
37949
69507
90799
17775
8183
26965
77683
8216
46963
56236
54334
76274
14339
72864
58235
2957
88916
92628
36752
65931
89272
60542
75545
50758
39083
2982
31767
16177
13207
99030
38060
13228
7227
40113
42518
99401
23903
76046
31827
28657
28276
70162
98881
93401
8337
12761
63669
87734
32399
92112
58354
53458
84524
20818
74224
74915
50798
70292
36306
18991
85701
19049
78709
36231
14742
48406
85025
58617
24894
88279
36784
50257
42038
53268
60344
93154
4742
70426
48084
16837
9446
29244
31644
61535
89979
77139
38835
91027
15238
87637
3116
81464
1841
64900
73701
52606
65041
29575
55856
31021
28902
14771
83918
71625
86560
85422
3603
73732
75370
60658
19860
59131
54164
6873
94705
96671
73651
71012
95924
52736
9469
77108
38430
91211
52431
98655
17944
4737
91498
8770
8145
80862
51541
4098
27717
36058
80676
64242
27034
25259
91633
41078
23665
73277
29220
81841
42785
97874
45689
16705
28487
61237
83141
20766
75131
70675
93109
61870
24673
20133
59427
29353
82454
59069
94866
97335
13245
1473
84895
98238
70402
28865
10351
34570
38941
18823
92304
5297
59436
72451
22603
16890
82386
21261
23890
62046
22412
65144
79398
55279
12533
74298
33300
24551
500
83927
11049
53973
52608
24431
5357
18406
31483
84250
89720
1308
46956
22932
19495
14715
78500
88397
24015
26273
90590
11155
70936
64356
27007
28785
21027
39288
56650
53284
53741
49252
26906
